0.0	0.0	0.0	0.0	0.0	0.0	0.0	0.0	0.0	0.0	15.968719422671311	15.968719422671311	15.968719422671311	15.968719422671311	13.416407864998739	0.0	0.0	0.0	15.968719422671311	0.0	0.0	0.0	0.0	0.0	0.0	0.0	15.968719422671311	15.968719422671311	0.0	0.0	0.0	0.0	0.0	0.0	0.0	0.0	7.280109889280518	15.748015748023622	0.0	0.0	0.0	0.0	0.0	0.0	0.0	15.968719422671311	0.0	0.0	0.0	0.0	15.968719422671311	15.968719422671311	15.968719422671311	15.968719422671311	0.0	0.0	0.0	0.0	0.0	0.0	0.0	0.0	0.0	0.0	
0.0	0.0	0.0	0.0	0.0	0.0	0.0	0.0	0.0	0.0	0.0	0.0	15.968719422671311	0.0	0.0	0.0	0.0	0.0	0.0	0.0	15.968719422671311	0.0	0.0	0.0	0.0	0.0	0.0	0.0	15.968719422671311	0.0	0.0	0.0	0.0	0.0	0.0	0.0	15.968719422671311	0.0	0.0	0.0	0.0	0.0	0.0	0.0	15.968719422671311	0.0	0.0	0.0	0.0	0.0	0.0	0.0	15.968719422671311	0.0	0.0	0.0	0.0	0.0	0.0	0.0	14.106735979665885	0.0	0.0	0.0	
0.0	0.0	0.0	0.0	0.0	0.0	0.0	0.0	0.0	0.0	0.0	9.746794344808963	8.888194417315589	0.0	0.0	0.0	0.0	0.0	15.968719422671311	0.0	15.811388300841896	0.0	0.0	0.0	0.0	0.0	0.0	0.0	14.38749456993816	0.0	0.0	0.0	0.0	0.0	0.0	4.898979485566356	15.968719422671311	0.0	0.0	0.0	0.0	0.0	0.0	0.0	12.083045973594572	3.3166247903554	0.0	0.0	0.0	0.0	0.0	0.0	0.0	15.968719422671311	0.0	0.0	0.0	13.892443989449804	15.968719422671311	15.968719422671311	15.968719422671311	0.0	0.0	0.0	
0.0	0.0	0.0	0.0	0.0	0.0	0.0	0.0	0.0	0.0	0.0	15.968719422671311	15.968719422671311	0.0	0.0	0.0	0.0	0.0	15.968719422671311	0.0	0.0	15.968719422671311	0.0	0.0	0.0	0.0	0.0	0.0	0.0	9.643650760992955	0.0	0.0	0.0	0.0	0.0	0.0	0.0	9.327379053088816	0.0	0.0	0.0	0.0	15.968719422671311	0.0	0.0	15.968719422671311	0.0	0.0	0.0	0.0	0.0	15.968719422671311	15.968719422671311	0.0	0.0	0.0	0.0	0.0	0.0	0.0	0.0	0.0	0.0	0.0	
0.0	0.0	0.0	0.0	0.0	0.0	0.0	0.0	0.0	0.0	0.0	15.968719422671311	0.0	15.968719422671311	0.0	0.0	0.0	0.0	0.0	0.0	0.0	15.556349186104045	0.0	0.0	0.0	0.0	15.968719422671311	0.0	0.0	0.0	0.0	0.0	0.0	0.0	15.874507866387544	0.0	4.0	0.0	0.0	0.0	0.0	15.968719422671311	0.0	0.0	15.968719422671311	9.746794344808963	9.746794344808963	0.0	0.0	0.0	0.0	0.0	15.968719422671311	0.0	0.0	0.0	0.0	0.0	0.0	0.0	15.968719422671311	0.0	0.0	0.0	
0.0	0.0	0.0	0.0	0.0	0.0	0.0	0.0	0.0	0.0	0.0	15.968719422671311	0.0	15.968719422671311	0.0	0.0	0.0	0.0	15.968719422671311	0.0	0.0	15.968719422671311	0.0	0.0	0.0	0.0	15.968719422671311	0.0	15.968719422671311	15.968719422671311	0.0	0.0	0.0	0.0	15.968719422671311	15.968719422671311	0.0	15.968719422671311	0.0	0.0	0.0	0.0	0.0	0.0	0.0	15.968719422671311	0.0	0.0	0.0	0.0	0.0	0.0	0.0	15.968719422671311	0.0	0.0	0.0	0.0	0.0	0.0	0.0	15.968719422671311	0.0	0.0	
0.0	0.0	0.0	15.968719422671311	15.968719422671311	0.0	0.0	0.0	0.0	0.0	15.968719422671311	0.0	0.0	15.968719422671311	0.0	0.0	0.0	0.0	15.968719422671311	1.0	15.811388300841896	0.0	0.0	0.0	0.0	0.0	0.0	15.968719422671311	15.968719422671311	0.0	0.0	0.0	0.0	0.0	0.0	15.968719422671311	15.968719422671311	0.0	0.0	0.0	0.0	0.0	0.0	15.968719422671311	0.0	15.968719422671311	0.0	0.0	0.0	0.0	0.0	15.968719422671311	0.0	15.968719422671311	0.0	0.0	0.0	0.0	0.0	0.0	15.968719422671311	0.0	0.0	0.0	
0.0	0.0	0.0	15.968719422671311	15.968719422671311	0.0	0.0	0.0	0.0	0.0	15.968719422671311	3.872983346207417	0.0	0.0	0.0	0.0	0.0	0.0	15.968719422671311	0.0	15.968719422671311	0.0	0.0	0.0	0.0	0.0	15.968719422671311	15.968719422671311	14.247806848775006	0.0	0.0	0.0	0.0	0.0	0.0	0.0	15.198684153570664	0.0	0.0	0.0	0.0	0.0	0.0	0.0	15.231546211727817	0.0	0.0	0.0	0.0	0.0	0.0	0.0	15.84297951775486	0.0	0.0	0.0	0.0	0.0	0.0	0.0	0.0	0.0	0.0	0.0	
0.0	0.0	0.0	15.968719422671311	0.0	0.0	0.0	0.0	0.0	0.0	15.905973720586866	0.0	15.968719422671311	0.0	0.0	0.0	0.0	0.0	0.0	0.0	0.0	0.0	0.0	0.0	0.0	0.0	0.0	0.0	15.968719422671311	0.0	0.0	0.0	0.0	0.0	0.0	0.0	15.0996688705415	0.0	0.0	0.0	0.0	0.0	13.527749258468683	15.968719422671311	0.0	0.0	0.0	0.0	0.0	0.0	15.968719422671311	15.968719422671311	15.968719422671311	15.968719422671311	0.0	0.0	0.0	0.0	0.0	0.0	0.0	0.0	0.0	0.0	
0.0	0.0	0.0	0.0	5.5677643628300215	0.0	0.0	0.0	0.0	0.0	15.968719422671311	0.0	0.0	15.968719422671311	0.0	0.0	0.0	0.0	0.0	0.0	0.0	15.968719422671311	0.0	0.0	0.0	0.0	0.0	0.0	15.968719422671311	0.0	0.0	0.0	0.0	0.0	0.0	0.0	0.0	15.968719422671311	0.0	0.0	0.0	0.0	0.0	0.0	0.0	0.0	15.968719422671311	0.0	0.0	0.0	0.0	0.0	5.744562646538029	15.968719422671311	0.0	0.0	0.0	0.0	0.0	0.0	0.0	0.0	0.0	0.0	
0.0	0.0	0.0	0.0	0.0	0.0	0.0	0.0	0.0	0.0	0.0	0.0	0.0	0.0	0.0	0.0	0.0	0.0	0.0	0.0	0.0	0.0	0.0	0.0	0.0	0.0	6.0	0.0	0.0	0.0	0.0	0.0	0.0	0.0	15.748015748023622	15.968719422671311	15.968719422671311	0.0	0.0	0.0	0.0	0.0	0.0	0.0	0.0	0.0	0.0	0.0	0.0	0.0	3.3166247903554	0.0	0.0	0.0	0.0	0.0	0.0	0.0	15.968719422671311	15.968719422671311	15.968719422671311	0.0	0.0	0.0	
0.0	0.0	0.0	0.0	0.0	0.0	0.0	0.0	0.0	0.0	0.0	0.0	15.968719422671311	0.0	0.0	0.0	0.0	0.0	0.0	0.0	0.0	15.968719422671311	0.0	0.0	0.0	0.0	0.0	0.0	15.968719422671311	0.0	0.0	0.0	0.0	0.0	0.0	15.968719422671311	15.968719422671311	0.0	0.0	0.0	0.0	0.0	0.0	0.0	0.0	15.968719422671311	0.0	0.0	0.0	0.0	0.0	0.0	0.0	15.968719422671311	0.0	0.0	0.0	14.7648230602334	15.968719422671311	15.968719422671311	15.968719422671311	0.0	0.0	0.0	
0.0	0.0	0.0	0.0	0.0	0.0	0.0	0.0	0.0	0.0	0.0	15.968719422671311	15.968719422671311	0.0	0.0	0.0	0.0	0.0	15.968719422671311	0.0	0.0	10.816653826391969	0.0	0.0	0.0	0.0	5.196152422706632	0.0	0.0	15.968719422671311	0.0	0.0	0.0	0.0	0.0	0.0	0.0	15.968719422671311	0.0	0.0	0.0	0.0	15.968719422671311	0.0	0.0	15.968719422671311	0.0	0.0	0.0	0.0	5.0990195135927845	15.968719422671311	15.968719422671311	0.0	0.0	0.0	0.0	0.0	0.0	0.0	0.0	0.0	0.0	0.0	
0.0	0.0	0.0	0.0	0.0	0.0	0.0	0.0	0.0	3.0	10.677078252031311	0.0	15.968719422671311	0.0	0.0	0.0	0.0	15.968719422671311	0.0	0.0	0.0	0.0	0.0	0.0	0.0	15.968719422671311	0.0	0.0	0.0	0.0	0.0	0.0	0.0	15.968719422671311	15.968719422671311	15.968719422671311	15.968719422671311	15.811388300841896	0.0	0.0	0.0	15.968719422671311	6.082762530298219	0.0	0.0	15.968719422671311	0.0	0.0	0.0	0.0	15.968719422671311	0.0	0.0	15.968719422671311	0.0	0.0	0.0	0.0	0.0	15.7797338380595	15.968719422671311	0.0	0.0	0.0	
0.0	0.0	0.0	0.0	0.0	0.0	0.0	0.0	0.0	0.0	15.968719422671311	15.968719422671311	15.968719422671311	15.968719422671311	0.0	0.0	0.0	0.0	15.968719422671311	0.0	0.0	0.0	0.0	0.0	0.0	0.0	15.968719422671311	13.564659966250536	14.933184523068078	0.0	0.0	0.0	0.0	0.0	0.0	0.0	0.0	15.968719422671311	0.0	0.0	0.0	0.0	0.0	0.0	0.0	15.968719422671311	0.0	0.0	0.0	0.0	15.968719422671311	0.0	0.0	15.968719422671311	0.0	0.0	0.0	0.0	0.0	0.0	0.0	0.0	0.0	0.0	
0.0	0.0	0.0	0.0	0.0	0.0	0.0	0.0	0.0	0.0	15.968719422671311	14.247806848775006	15.968719422671311	15.968719422671311	0.0	0.0	0.0	0.0	15.968719422671311	0.0	0.0	15.937377450509228	0.0	0.0	0.0	0.0	0.0	0.0	0.0	15.7797338380595	0.0	0.0	0.0	15.968719422671311	0.0	0.0	0.0	15.968719422671311	0.0	0.0	0.0	15.968719422671311	0.0	0.0	0.0	15.968719422671311	0.0	0.0	0.0	0.0	15.968719422671311	0.0	15.716233645501712	6.6332495807108	0.0	0.0	0.0	0.0	0.0	0.0	0.0	0.0	0.0	0.0	
0.0	0.0	0.0	0.0	0.0	0.0	0.0	0.0	0.0	0.0	15.968719422671311	15.968719422671311	15.968719422671311	0.0	0.0	0.0	0.0	0.0	0.0	0.0	0.0	0.0	0.0	0.0	0.0	0.0	0.0	15.968719422671311	15.968719422671311	0.0	0.0	0.0	0.0	0.0	0.0	0.0	15.968719422671311	0.0	0.0	0.0	0.0	0.0	0.0	0.0	0.0	6.928203230275509	0.0	0.0	0.0	0.0	0.0	0.0	0.0	6.557438524302	0.0	0.0	0.0	0.0	15.459624833740307	15.968719422671311	15.968719422671311	0.0	0.0	0.0	
0.0	0.0	0.0	3.4641016151377544	15.297058540778355	0.0	0.0	0.0	0.0	0.0	0.0	15.968719422671311	0.0	15.968719422671311	0.0	0.0	0.0	0.0	15.968719422671311	0.0	0.0	3.1622776601683795	0.0	0.0	0.0	0.0	15.968719422671311	0.0	0.0	0.0	0.0	0.0	0.0	0.0	15.968719422671311	0.0	0.0	9.433981132056603	0.0	0.0	0.0	0.0	12.884098726725126	0.0	0.0	15.968719422671311	0.0	0.0	0.0	0.0	0.0	15.968719422671311	15.968719422671311	0.0	0.0	0.0	0.0	0.0	0.0	0.0	0.0	0.0	0.0	0.0	
0.0	0.0	0.0	15.968719422671311	15.968719422671311	0.0	0.0	0.0	0.0	0.0	15.968719422671311	0.0	0.0	15.968719422671311	0.0	0.0	0.0	0.0	15.968719422671311	0.0	0.0	15.968719422671311	0.0	0.0	0.0	0.0	0.0	5.830951894845301	15.968719422671311	15.968719422671311	0.0	0.0	0.0	0.0	0.0	0.0	15.968719422671311	15.968719422671311	0.0	0.0	0.0	0.0	0.0	15.968719422671311	0.0	15.968719422671311	0.0	0.0	0.0	0.0	12.328828005937952	0.0	0.0	15.968719422671311	0.0	0.0	0.0	0.0	0.0	15.968719422671311	15.968719422671311	14.106735979665885	0.0	0.0	
0.0	0.0	10.63014581273465	0.0	0.0	0.0	0.0	0.0	0.0	0.0	15.968719422671311	15.968719422671311	15.968719422671311	15.968719422671311	0.0	0.0	0.0	0.0	15.968719422671311	0.0	0.0	0.0	0.0	0.0	0.0	0.0	15.968719422671311	15.968719422671311	0.0	0.0	0.0	0.0	0.0	0.0	0.0	0.0	15.968719422671311	0.0	0.0	0.0	0.0	0.0	0.0	0.0	0.0	6.324555320336759	0.0	0.0	0.0	0.0	15.968719422671311	0.0	15.968719422671311	7.0	0.0	0.0	0.0	0.0	0.0	0.0	0.0	0.0	0.0	0.0	
0.0	0.0	0.0	0.0	0.0	0.0	0.0	0.0	0.0	0.0	15.968719422671311	0.0	0.0	0.0	0.0	0.0	0.0	0.0	15.968719422671311	0.0	0.0	0.0	0.0	0.0	0.0	0.0	15.968719422671311	0.0	0.0	0.0	0.0	0.0	0.0	0.0	15.968719422671311	14.933184523068078	15.968719422671311	15.968719422671311	0.0	0.0	0.0	0.0	0.0	0.0	0.0	15.968719422671311	0.0	0.0	0.0	0.0	0.0	0.0	0.0	15.968719422671311	0.0	0.0	0.0	0.0	15.968719422671311	15.968719422671311	15.524174696260024	0.0	0.0	0.0	
0.0	0.0	0.0	0.0	0.0	0.0	0.0	0.0	0.0	15.968719422671311	13.96424004376894	0.0	0.0	15.968719422671311	0.0	0.0	0.0	0.0	0.0	0.0	0.0	15.968719422671311	0.0	0.0	0.0	0.0	8.18535277187245	15.968719422671311	15.968719422671311	0.0	0.0	0.0	0.0	0.0	0.0	0.0	0.0	14.38749456993816	0.0	0.0	0.0	0.0	0.0	0.0	0.0	15.968719422671311	0.0	0.0	0.0	0.0	15.968719422671311	0.0	15.968719422671311	8.774964387392123	0.0	0.0	0.0	0.0	0.0	0.0	0.0	0.0	0.0	0.0	
0.0	0.0	0.0	0.0	0.0	0.0	0.0	0.0	0.0	0.0	15.968719422671311	15.968719422671311	15.968719422671311	0.0	0.0	0.0	0.0	0.0	0.0	0.0	0.0	15.968719422671311	0.0	0.0	0.0	0.0	0.0	0.0	0.0	15.968719422671311	0.0	0.0	0.0	0.0	0.0	0.0	15.968719422671311	0.0	0.0	0.0	0.0	0.0	0.0	15.968719422671311	0.0	0.0	0.0	0.0	0.0	0.0	15.968719422671311	15.968719422671311	0.0	0.0	2.449489742783178	0.0	0.0	0.0	0.0	0.0	0.0	0.0	0.0	0.0	
0.0	0.0	0.0	0.0	0.0	0.0	0.0	0.0	0.0	0.0	0.0	15.968719422671311	15.968719422671311	0.0	0.0	0.0	0.0	0.0	15.968719422671311	0.0	0.0	0.0	0.0	0.0	0.0	15.968719422671311	0.0	0.0	0.0	0.0	0.0	0.0	0.0	15.968719422671311	0.0	4.795831523312719	15.968719422671311	15.874507866387544	0.0	0.0	0.0	15.968719422671311	0.0	12.767145334803704	0.0	15.968719422671311	0.0	0.0	0.0	0.0	15.968719422671311	0.0	0.0	15.968719422671311	0.0	0.0	0.0	0.0	0.0	1.7320508075688772	15.968719422671311	0.0	0.0	0.0	
0.0	0.0	0.0	15.968719422671311	0.0	0.0	0.0	0.0	0.0	0.0	15.968719422671311	0.0	9.219544457292887	15.968719422671311	0.0	0.0	0.0	0.0	15.968719422671311	0.0	0.0	13.74772708486752	0.0	0.0	0.0	0.0	9.539392014169456	15.968719422671311	15.968719422671311	0.0	0.0	0.0	0.0	0.0	0.0	15.968719422671311	15.968719422671311	0.0	0.0	0.0	0.0	0.0	13.638181696985855	0.0	0.0	15.968719422671311	0.0	0.0	0.0	0.0	0.0	15.968719422671311	0.0	0.0	0.0	0.0	0.0	0.0	0.0	0.0	15.968719422671311	15.968719422671311	0.0	0.0	
0.0	0.0	0.0	0.0	0.0	0.0	0.0	0.0	0.0	0.0	15.968719422671311	15.968719422671311	0.0	0.0	0.0	0.0	0.0	0.0	14.933184523068078	0.0	0.0	0.0	0.0	0.0	0.0	15.968719422671311	0.0	0.0	0.0	0.0	0.0	0.0	0.0	15.968719422671311	15.524174696260024	15.968719422671311	15.968719422671311	0.0	0.0	0.0	0.0	15.968719422671311	0.0	0.0	0.0	15.968719422671311	0.0	0.0	0.0	15.968719422671311	0.0	0.0	0.0	15.968719422671311	0.0	0.0	0.0	0.0	15.968719422671311	15.968719422671311	15.968719422671311	15.0996688705415	0.0	0.0	
0.0	0.0	0.0	0.0	0.0	0.0	0.0	0.0	0.0	0.0	15.968719422671311	15.968719422671311	15.968719422671311	15.968719422671311	0.0	0.0	0.0	0.0	0.0	0.0	0.0	12.489995996796797	0.0	0.0	0.0	0.0	0.0	0.0	15.968719422671311	0.0	0.0	0.0	0.0	0.0	0.0	0.0	15.968719422671311	0.0	0.0	0.0	0.0	0.0	0.0	0.0	15.968719422671311	0.0	0.0	0.0	0.0	0.0	0.0	0.0	15.231546211727817	0.0	0.0	0.0	0.0	0.0	0.0	0.0	0.0	0.0	0.0	0.0	
0.0	0.0	0.0	0.0	0.0	0.0	0.0	0.0	0.0	0.0	15.968719422671311	12.609520212918492	15.968719422671311	0.0	0.0	0.0	0.0	0.0	0.0	0.0	0.0	15.968719422671311	0.0	0.0	0.0	0.0	0.0	0.0	0.0	15.968719422671311	0.0	0.0	0.0	0.0	0.0	15.968719422671311	15.968719422671311	0.0	0.0	0.0	0.0	0.0	0.0	0.0	0.0	15.937377450509228	0.0	0.0	0.0	0.0	0.0	0.0	0.0	15.968719422671311	0.0	0.0	0.0	0.0	15.968719422671311	15.968719422671311	15.968719422671311	0.0	0.0	0.0	
0.0	0.0	0.0	0.0	0.0	0.0	0.0	0.0	0.0	0.0	15.968719422671311	15.968719422671311	15.968719422671311	15.968719422671311	0.0	0.0	0.0	0.0	15.968719422671311	0.0	0.0	15.968719422671311	0.0	0.0	0.0	0.0	15.968719422671311	0.0	0.0	2.0	0.0	0.0	0.0	0.0	0.0	0.0	15.968719422671311	0.0	0.0	0.0	0.0	0.0	0.0	0.0	15.968719422671311	0.0	0.0	0.0	0.0	0.0	0.0	0.0	15.968719422671311	0.0	0.0	0.0	0.0	0.0	0.0	0.0	2.23606797749979	0.0	0.0	0.0	
0.0	0.0	0.0	0.0	0.0	0.0	0.0	0.0	0.0	0.0	9.16515138991168	0.0	15.968719422671311	0.0	0.0	0.0	0.0	0.0	0.0	0.0	0.0	6.324555320336759	0.0	0.0	0.0	0.0	0.0	0.0	15.84297951775486	0.0	0.0	0.0	0.0	0.0	0.0	0.0	15.968719422671311	15.937377450509228	0.0	0.0	0.0	0.0	0.0	0.0	0.0	15.968719422671311	0.0	0.0	0.0	0.0	14.966629547095765	0.0	0.0	15.968719422671311	0.0	0.0	0.0	0.0	0.0	0.0	0.0	0.0	0.0	0.0	
0.0	0.0	0.0	0.0	0.0	0.0	0.0	0.0	0.0	0.0	0.0	15.968719422671311	0.0	0.0	0.0	0.0	0.0	0.0	15.968719422671311	0.0	1.0	13.2664991614216	0.0	0.0	0.0	0.0	1.4142135623730951	0.0	0.0	15.874507866387544	0.0	0.0	0.0	0.0	0.0	0.0	15.968719422671311	0.0	0.0	0.0	0.0	0.0	0.0	15.968719422671311	0.0	0.0	0.0	0.0	0.0	0.0	15.968719422671311	15.968719422671311	15.968719422671311	15.968719422671311	0.0	0.0	0.0	0.0	0.0	0.0	0.0	0.0	0.0	0.0	
0.0	0.0	0.0	0.0	0.0	0.0	0.0	0.0	0.0	0.0	0.0	15.968719422671311	0.0	0.0	0.0	0.0	0.0	0.0	15.968719422671311	0.0	0.0	0.0	0.0	0.0	0.0	0.0	15.968719422671311	0.0	0.0	0.0	0.0	0.0	0.0	0.0	15.968719422671311	15.968719422671311	15.968719422671311	15.968719422671311	0.0	0.0	0.0	0.0	15.968719422671311	0.0	0.0	9.433981132056603	0.0	0.0	0.0	0.0	15.968719422671311	0.0	0.0	15.968719422671311	0.0	0.0	0.0	0.0	0.0	5.5677643628300215	5.5677643628300215	0.0	0.0	0.0	
0.0	0.0	15.968719422671311	15.968719422671311	15.968719422671311	15.968719422671311	0.0	0.0	0.0	0.0	0.0	0.0	0.0	0.0	15.968719422671311	0.0	0.0	0.0	0.0	0.0	0.0	0.0	0.0	0.0	0.0	0.0	0.0	0.0	0.0	15.968719422671311	0.0	0.0	0.0	0.0	0.0	0.0	0.0	15.968719422671311	0.0	0.0	0.0	0.0	0.0	0.0	0.0	15.968719422671311	0.0	0.0	0.0	0.0	0.0	0.0	0.0	15.968719422671311	0.0	0.0	0.0	0.0	0.0	0.0	0.0	13.564659966250536	0.0	0.0	
0.0	0.0	0.0	0.0	0.0	0.0	0.0	0.0	0.0	0.0	0.0	0.0	15.968719422671311	0.0	0.0	0.0	0.0	0.0	0.0	0.0	15.968719422671311	0.0	0.0	0.0	0.0	0.0	0.0	0.0	15.968719422671311	0.0	0.0	0.0	0.0	0.0	0.0	0.0	15.968719422671311	0.0	0.0	0.0	0.0	0.0	0.0	0.0	15.968719422671311	0.0	0.0	0.0	0.0	0.0	0.0	0.0	15.968719422671311	0.0	0.0	0.0	0.0	0.0	0.0	0.0	0.0	0.0	0.0	0.0	
0.0	0.0	0.0	0.0	0.0	0.0	0.0	0.0	0.0	0.0	15.968719422671311	15.968719422671311	15.968719422671311	0.0	0.0	0.0	0.0	0.0	0.0	0.0	0.0	0.0	0.0	0.0	0.0	0.0	0.0	0.0	6.557438524302	0.0	0.0	0.0	0.0	0.0	0.0	4.898979485566356	15.968719422671311	0.0	0.0	0.0	0.0	0.0	15.874507866387544	15.968719422671311	0.0	0.0	0.0	0.0	0.0	0.0	15.968719422671311	15.968719422671311	15.968719422671311	15.968719422671311	0.0	0.0	0.0	0.0	0.0	0.0	0.0	0.0	0.0	0.0	
0.0	0.0	0.0	0.0	0.0	0.0	0.0	0.0	0.0	0.0	0.0	15.968719422671311	0.0	0.0	0.0	0.0	0.0	0.0	15.968719422671311	0.0	15.968719422671311	7.937253933193772	0.0	0.0	0.0	0.0	0.0	0.0	0.0	15.968719422671311	0.0	0.0	0.0	0.0	0.0	0.0	15.652475842498529	13.228756555322953	0.0	0.0	0.0	0.0	0.0	15.968719422671311	15.968719422671311	15.968719422671311	0.0	0.0	0.0	0.0	0.0	0.0	0.0	15.7797338380595	0.0	0.0	0.0	0.0	14.142135623730951	15.968719422671311	14.933184523068078	15.968719422671311	0.0	0.0	
0.0	0.0	0.0	0.0	0.0	0.0	0.0	0.0	0.0	0.0	15.968719422671311	0.0	0.0	0.0	0.0	0.0	0.0	0.0	15.968719422671311	0.0	0.0	0.0	0.0	0.0	0.0	0.0	15.968719422671311	15.968719422671311	15.968719422671311	0.0	0.0	0.0	0.0	0.0	0.0	0.0	1.7320508075688772	13.228756555322953	0.0	0.0	0.0	0.0	0.0	0.0	0.0	15.968719422671311	0.0	0.0	0.0	0.0	15.968719422671311	15.968719422671311	15.968719422671311	0.0	0.0	0.0	0.0	0.0	0.0	0.0	0.0	0.0	0.0	0.0	
0.0	0.0	0.0	0.0	0.0	0.0	0.0	0.0	0.0	0.0	15.968719422671311	0.0	0.0	0.0	0.0	0.0	0.0	0.0	15.968719422671311	0.0	14.106735979665885	0.0	0.0	0.0	0.0	15.968719422671311	0.0	0.0	15.968719422671311	0.0	0.0	0.0	0.0	0.0	0.0	0.0	15.968719422671311	15.968719422671311	12.767145334803704	0.0	0.0	0.0	0.0	0.0	15.588457268119896	0.0	0.0	0.0	0.0	0.0	0.0	0.0	0.0	0.0	0.0	0.0	0.0	0.0	0.0	0.0	0.0	0.0	0.0	0.0	
0.0	0.0	15.968719422671311	5.5677643628300215	5.477225575051661	0.0	0.0	0.0	0.0	0.0	15.968719422671311	0.0	0.0	15.968719422671311	0.0	0.0	0.0	0.0	5.196152422706632	0.0	0.0	15.968719422671311	0.0	0.0	0.0	0.0	0.0	0.0	15.968719422671311	0.0	0.0	0.0	0.0	0.0	0.0	0.0	15.968719422671311	0.0	0.0	0.0	0.0	0.0	0.0	14.0	0.0	0.0	0.0	0.0	0.0	0.0	0.0	15.968719422671311	0.0	0.0	0.0	0.0	0.0	0.0	0.0	15.968719422671311	0.0	0.0	0.0	0.0	
0.0	0.0	0.0	0.0	0.0	0.0	0.0	0.0	0.0	0.0	0.0	0.0	0.0	0.0	0.0	0.0	0.0	0.0	0.0	0.0	0.0	0.0	0.0	0.0	0.0	0.0	0.0	0.0	0.0	0.0	0.0	0.0	0.0	0.0	0.0	14.628738838327793	0.0	0.0	0.0	0.0	0.0	0.0	0.0	15.968719422671311	0.0	0.0	0.0	0.0	0.0	0.0	0.0	14.2828568570857	0.0	0.0	0.0	0.0	0.0	0.0	0.0	0.0	0.0	0.0	0.0	0.0	
0.0	0.0	0.0	0.0	0.0	0.0	0.0	0.0	0.0	0.0	15.968719422671311	0.0	4.242640687119285	0.0	0.0	0.0	0.0	15.968719422671311	0.0	0.0	15.968719422671311	0.0	0.0	0.0	0.0	15.968719422671311	0.0	0.0	15.968719422671311	0.0	0.0	0.0	0.0	15.968719422671311	15.968719422671311	15.968719422671311	15.968719422671311	0.0	0.0	0.0	0.0	0.0	0.0	0.0	15.968719422671311	0.0	0.0	0.0	0.0	0.0	0.0	0.0	15.968719422671311	0.0	0.0	0.0	0.0	0.0	0.0	0.0	15.968719422671311	0.0	0.0	0.0	
0.0	0.0	0.0	0.0	0.0	0.0	0.0	0.0	0.0	0.0	0.0	15.968719422671311	15.968719422671311	0.0	0.0	0.0	0.0	0.0	0.0	0.0	14.730919862656235	0.0	0.0	0.0	0.0	0.0	0.0	15.968719422671311	15.968719422671311	0.0	0.0	0.0	0.0	0.0	1.0	15.968719422671311	15.968719422671311	0.0	0.0	0.0	0.0	0.0	15.968719422671311	0.0	1.0	8.18535277187245	0.0	0.0	0.0	0.0	14.212670403551895	9.327379053088816	2.0	13.379088160259652	0.0	0.0	0.0	0.0	0.0	0.0	0.0	0.0	0.0	0.0	
0.0	0.0	0.0	0.0	0.0	0.0	0.0	0.0	0.0	0.0	0.0	15.968719422671311	15.968719422671311	0.0	0.0	0.0	0.0	0.0	15.968719422671311	0.0	0.0	0.0	0.0	0.0	0.0	0.0	15.968719422671311	0.0	0.0	0.0	0.0	0.0	0.0	0.0	15.968719422671311	15.968719422671311	0.0	15.968719422671311	0.0	0.0	0.0	0.0	15.968719422671311	0.0	0.0	15.968719422671311	0.0	0.0	0.0	0.0	0.0	15.968719422671311	15.968719422671311	0.0	0.0	0.0	0.0	0.0	0.0	0.0	0.0	0.0	0.0	0.0	
0.0	0.0	0.0	0.0	0.0	0.0	0.0	0.0	0.0	0.0	0.0	15.968719422671311	15.968719422671311	0.0	0.0	0.0	0.0	0.0	15.968719422671311	0.0	0.0	0.0	0.0	0.0	0.0	0.0	15.968719422671311	0.0	0.0	0.0	0.0	0.0	0.0	0.0	0.0	0.0	15.968719422671311	0.0	0.0	0.0	0.0	9.643650760992955	0.0	0.0	15.968719422671311	0.0	0.0	0.0	0.0	0.0	15.968719422671311	15.968719422671311	15.968719422671311	0.0	0.0	0.0	0.0	0.0	0.0	0.0	0.0	0.0	0.0	0.0	
0.0	0.0	0.0	0.0	0.0	0.0	0.0	0.0	0.0	0.0	15.968719422671311	0.0	0.0	15.968719422671311	0.0	0.0	0.0	0.0	15.968719422671311	0.0	0.0	15.362291495737216	0.0	0.0	0.0	0.0	15.968719422671311	0.0	15.968719422671311	0.0	0.0	0.0	0.0	0.0	0.0	0.0	15.968719422671311	0.0	0.0	0.0	0.0	0.0	0.0	0.0	15.968719422671311	0.0	0.0	0.0	0.0	0.0	0.0	0.0	15.0	0.0	0.0	0.0	0.0	0.0	0.0	0.0	0.0	0.0	0.0	0.0	
0.0	0.0	0.0	0.0	0.0	0.0	0.0	0.0	0.0	0.0	0.0	15.968719422671311	0.0	15.968719422671311	0.0	0.0	0.0	0.0	15.968719422671311	0.0	0.0	15.968719422671311	0.0	0.0	0.0	0.0	0.0	0.0	2.449489742783178	0.0	0.0	0.0	0.0	0.0	0.0	0.0	15.968719422671311	0.0	0.0	0.0	0.0	0.0	0.0	15.968719422671311	0.0	0.0	0.0	0.0	0.0	0.0	0.0	9.746794344808963	9.746794344808963	9.746794344808963	0.0	0.0	0.0	0.0	0.0	0.0	0.0	0.0	0.0	0.0	
0.0	0.0	0.0	0.0	0.0	0.0	0.0	0.0	0.0	0.0	15.968719422671311	0.0	4.0	0.0	0.0	0.0	0.0	0.0	15.968719422671311	0.0	0.0	0.0	0.0	0.0	0.0	0.0	0.0	15.968719422671311	15.968719422671311	0.0	0.0	0.0	0.0	0.0	0.0	15.968719422671311	15.968719422671311	0.0	0.0	0.0	0.0	0.0	15.968719422671311	0.0	15.968719422671311	0.0	0.0	0.0	0.0	0.0	15.968719422671311	0.0	15.874507866387544	0.0	0.0	0.0	0.0	0.0	15.968719422671311	15.968719422671311	15.968719422671311	0.0	0.0	0.0	
0.0	0.0	0.0	0.0	0.0	0.0	0.0	0.0	0.0	0.0	0.0	15.968719422671311	15.968719422671311	8.12403840463596	0.0	0.0	0.0	0.0	15.968719422671311	0.0	0.0	15.968719422671311	0.0	0.0	0.0	0.0	0.0	0.0	15.968719422671311	0.0	0.0	0.0	0.0	0.0	0.0	15.968719422671311	14.212670403551895	0.0	0.0	0.0	0.0	0.0	15.968719422671311	0.0	0.0	0.0	0.0	0.0	0.0	0.0	0.0	0.0	0.0	0.0	15.968719422671311	0.0	0.0	0.0	0.0	0.0	0.0	0.0	0.0	0.0	
0.0	0.0	0.0	0.0	0.0	0.0	0.0	0.0	0.0	0.0	15.459624833740307	15.968719422671311	15.968719422671311	15.968719422671311	0.0	0.0	0.0	0.0	0.0	0.0	0.0	15.968719422671311	0.0	0.0	0.0	0.0	0.0	0.0	0.0	15.968719422671311	0.0	0.0	0.0	0.0	0.0	15.968719422671311	15.968719422671311	15.968719422671311	0.0	0.0	0.0	0.0	0.0	0.0	0.0	15.968719422671311	0.0	0.0	0.0	0.0	0.0	0.0	0.0	9.486832980505138	0.0	0.0	0.0	0.0	15.968719422671311	15.968719422671311	15.968719422671311	15.968719422671311	0.0	0.0	
0.0	0.0	0.0	0.0	0.0	0.0	0.0	0.0	0.0	0.0	15.968719422671311	0.0	15.968719422671311	0.0	0.0	0.0	0.0	0.0	15.968719422671311	0.0	15.968719422671311	0.0	0.0	0.0	0.0	0.0	0.0	15.968719422671311	15.968719422671311	0.0	0.0	0.0	0.0	0.0	7.211102550927978	15.905973720586866	15.84297951775486	0.0	0.0	0.0	0.0	0.0	15.968719422671311	0.0	15.968719422671311	0.0	0.0	0.0	0.0	0.0	15.968719422671311	0.0	15.968719422671311	0.0	0.0	0.0	0.0	0.0	0.0	0.0	0.0	0.0	0.0	0.0	
0.0	0.0	0.0	0.0	0.0	0.0	0.0	0.0	0.0	0.0	0.0	15.968719422671311	15.968719422671311	0.0	0.0	0.0	0.0	0.0	15.968719422671311	0.0	0.0	15.968719422671311	0.0	0.0	0.0	0.0	15.968719422671311	0.0	0.0	15.968719422671311	0.0	0.0	0.0	0.0	15.968719422671311	0.0	0.0	12.206555615733702	0.0	0.0	0.0	0.0	15.968719422671311	15.968719422671311	15.968719422671311	0.0	0.0	0.0	0.0	0.0	0.0	0.0	0.0	0.0	0.0	0.0	0.0	0.0	0.0	0.0	0.0	0.0	0.0	0.0	
0.0	0.0	0.0	0.0	0.0	0.0	0.0	0.0	0.0	0.0	0.0	0.0	15.968719422671311	15.968719422671311	0.0	0.0	0.0	0.0	9.055385138137417	15.968719422671311	0.0	0.0	15.968719422671311	0.0	0.0	0.0	3.4641016151377544	0.0	0.0	15.231546211727817	8.660254037844387	0.0	0.0	0.0	0.0	0.0	15.968719422671311	7.3484692283495345	0.0	0.0	0.0	0.0	9.273618495495704	15.968719422671311	0.0	0.0	0.0	0.0	0.0	0.0	9.746794344808963	15.968719422671311	15.968719422671311	15.968719422671311	0.0	0.0	0.0	0.0	0.0	0.0	0.0	0.0	0.0	0.0	
0.0	0.0	15.968719422671311	15.968719422671311	15.874507866387544	0.0	0.0	0.0	0.0	0.0	15.968719422671311	0.0	5.5677643628300215	0.0	0.0	0.0	0.0	0.0	0.0	0.0	15.968719422671311	0.0	0.0	0.0	0.0	0.0	15.968719422671311	15.968719422671311	14.832396974191326	0.0	0.0	0.0	0.0	0.0	2.8284271247461903	15.968719422671311	0.0	0.0	0.0	0.0	0.0	15.968719422671311	9.433981132056603	0.0	15.968719422671311	0.0	0.0	0.0	0.0	15.968719422671311	0.0	0.0	15.968719422671311	0.0	0.0	0.0	0.0	0.0	0.0	0.0	0.0	0.0	0.0	0.0	
0.0	0.0	0.0	0.0	0.0	0.0	0.0	0.0	0.0	0.0	0.0	15.968719422671311	0.0	0.0	0.0	0.0	0.0	0.0	15.968719422671311	0.0	0.0	0.0	0.0	0.0	0.0	0.0	15.968719422671311	0.0	0.0	0.0	0.0	0.0	0.0	0.0	15.968719422671311	15.968719422671311	15.968719422671311	0.0	0.0	0.0	0.0	0.0	15.968719422671311	0.0	0.0	15.968719422671311	0.0	0.0	0.0	0.0	15.968719422671311	0.0	13.30413469565007	1.7320508075688772	0.0	0.0	0.0	0.0	9.433981132056603	15.968719422671311	15.968719422671311	0.0	0.0	0.0	
0.0	0.0	0.0	0.0	0.0	0.0	0.0	0.0	0.0	0.0	0.0	0.0	15.968719422671311	0.0	0.0	0.0	0.0	0.0	0.0	0.0	15.968719422671311	0.0	0.0	0.0	0.0	0.0	0.0	0.0	15.968719422671311	0.0	0.0	0.0	0.0	0.0	0.0	0.0	15.968719422671311	0.0	0.0	0.0	0.0	0.0	0.0	0.0	15.968719422671311	0.0	0.0	0.0	0.0	0.0	0.0	0.0	0.0	0.0	0.0	0.0	0.0	0.0	0.0	0.0	0.0	0.0	0.0	0.0	
0.0	0.0	0.0	0.0	0.0	0.0	0.0	0.0	0.0	0.0	2.6457513110645907	1.0	0.0	15.968719422671311	0.0	0.0	0.0	0.0	15.968719422671311	0.0	0.0	0.0	0.0	0.0	0.0	15.968719422671311	0.0	0.0	14.560219778561036	0.0	0.0	0.0	0.0	15.968719422671311	15.968719422671311	15.968719422671311	15.968719422671311	15.968719422671311	15.968719422671311	0.0	0.0	0.0	0.0	0.0	15.968719422671311	0.0	0.0	0.0	0.0	0.0	0.0	0.0	15.968719422671311	0.0	0.0	0.0	0.0	0.0	0.0	0.0	0.0	0.0	0.0	0.0	
0.0	0.0	0.0	0.0	0.0	0.0	0.0	0.0	0.0	0.0	15.968719422671311	0.0	0.0	15.968719422671311	0.0	0.0	0.0	0.0	0.0	0.0	0.0	15.968719422671311	0.0	0.0	0.0	0.0	14.422205101855956	0.0	15.968719422671311	15.968719422671311	0.0	0.0	0.0	0.0	0.0	15.968719422671311	0.0	15.968719422671311	0.0	0.0	0.0	0.0	0.0	0.0	0.0	15.968719422671311	0.0	0.0	0.0	0.0	0.0	0.0	0.0	15.968719422671311	0.0	0.0	0.0	0.0	0.0	0.0	0.0	15.968719422671311	0.0	0.0	
0.0	0.0	0.0	0.0	0.0	0.0	0.0	0.0	0.0	0.0	0.0	15.968719422671311	15.968719422671311	0.0	0.0	0.0	0.0	0.0	15.968719422671311	0.0	15.968719422671311	0.0	0.0	0.0	0.0	0.0	15.968719422671311	0.0	0.0	15.968719422671311	0.0	0.0	0.0	0.0	0.0	0.0	0.0	15.968719422671311	0.0	0.0	0.0	0.0	1.4142135623730951	0.0	0.0	15.968719422671311	0.0	0.0	0.0	0.0	15.968719422671311	0.0	1.0	15.874507866387544	0.0	0.0	0.0	0.0	0.0	15.968719422671311	15.968719422671311	0.0	0.0	0.0	
0.0	0.0	0.0	0.0	0.0	0.0	0.0	0.0	0.0	0.0	13.416407864998739	0.0	0.0	15.968719422671311	0.0	0.0	0.0	0.0	15.968719422671311	0.0	0.0	0.0	0.0	0.0	0.0	6.244997998398398	2.0	0.0	15.968719422671311	0.0	0.0	0.0	0.0	15.968719422671311	5.5677643628300215	0.0	15.968719422671311	0.0	0.0	0.0	0.0	0.0	0.0	0.0	15.033296378372908	0.0	0.0	0.0	0.0	0.0	0.0	0.0	0.0	0.0	0.0	0.0	0.0	0.0	0.0	15.968719422671311	0.0	0.0	0.0	0.0	
0.0	0.0	0.0	0.0	0.0	0.0	0.0	0.0	0.0	0.0	0.0	0.0	15.968719422671311	15.968719422671311	15.968719422671311	0.0	0.0	0.0	0.0	15.968719422671311	0.0	0.0	15.968719422671311	0.0	0.0	0.0	0.0	15.968719422671311	0.0	0.0	15.968719422671311	0.0	0.0	0.0	0.0	0.0	0.0	0.0	15.968719422671311	0.0	0.0	0.0	0.0	15.968719422671311	10.770329614269007	15.968719422671311	0.0	0.0	0.0	0.0	0.0	0.0	0.0	0.0	0.0	0.0	0.0	0.0	0.0	0.0	0.0	0.0	0.0	0.0	
0.0	0.0	0.0	0.0	0.0	0.0	0.0	0.0	0.0	0.0	0.0	15.165750888103101	0.0	15.968719422671311	0.0	0.0	0.0	0.0	15.968719422671311	0.0	0.0	15.968719422671311	0.0	0.0	0.0	0.0	15.968719422671311	0.0	0.0	15.968719422671311	0.0	0.0	0.0	15.968719422671311	0.0	0.0	0.0	0.0	0.0	0.0	0.0	15.968719422671311	15.968719422671311	15.968719422671311	15.968719422671311	15.968719422671311	15.968719422671311	0.0	0.0	0.0	0.0	0.0	15.968719422671311	0.0	0.0	0.0	0.0	0.0	0.0	0.0	15.968719422671311	0.0	0.0	0.0	
0.0	0.0	0.0	0.0	0.0	0.0	0.0	0.0	0.0	0.0	0.0	15.968719422671311	0.0	13.527749258468683	0.0	0.0	0.0	0.0	15.968719422671311	0.0	0.0	0.0	0.0	0.0	0.0	15.968719422671311	0.0	0.0	15.968719422671311	0.0	0.0	0.0	0.0	15.968719422671311	0.0	0.0	15.968719422671311	0.0	0.0	0.0	0.0	0.0	0.0	0.0	15.968719422671311	0.0	0.0	0.0	0.0	0.0	0.0	0.0	15.968719422671311	0.0	0.0	0.0	0.0	0.0	0.0	0.0	15.968719422671311	0.0	0.0	0.0	
0.0	0.0	0.0	0.0	0.0	0.0	0.0	0.0	0.0	0.0	15.968719422671311	0.0	14.317821063276353	0.0	0.0	0.0	0.0	0.0	15.968719422671311	0.0	15.968719422671311	0.0	0.0	0.0	0.0	0.0	0.0	15.968719422671311	15.968719422671311	0.0	0.0	0.0	0.0	0.0	15.968719422671311	4.358898943540674	15.968719422671311	0.0	0.0	0.0	0.0	0.0	15.968719422671311	0.0	15.968719422671311	0.0	0.0	0.0	0.0	0.0	15.968719422671311	0.0	15.968719422671311	0.0	0.0	0.0	0.0	0.0	0.0	0.0	0.0	0.0	0.0	0.0	
0.0	0.0	0.0	0.0	0.0	0.0	0.0	0.0	0.0	0.0	0.0	0.0	15.968719422671311	0.0	0.0	0.0	0.0	0.0	0.0	0.0	15.231546211727817	0.0	0.0	0.0	0.0	0.0	0.0	0.0	15.198684153570664	0.0	0.0	0.0	0.0	0.0	0.0	0.0	0.0	0.0	0.0	0.0	0.0	0.0	0.0	0.0	0.0	0.0	0.0	0.0	0.0	0.0	0.0	15.968719422671311	0.0	0.0	0.0	0.0	0.0	0.0	0.0	0.0	0.0	0.0	0.0	0.0	
0.0	0.0	0.0	0.0	0.0	0.0	0.0	0.0	0.0	0.0	0.0	15.968719422671311	15.968719422671311	15.165750888103101	0.0	0.0	0.0	0.0	15.968719422671311	0.0	0.0	15.905973720586866	0.0	0.0	0.0	0.0	0.0	0.0	0.0	15.968719422671311	0.0	0.0	0.0	0.0	0.0	0.0	15.968719422671311	0.0	0.0	0.0	0.0	0.0	0.0	15.968719422671311	0.0	0.0	0.0	0.0	0.0	0.0	15.968719422671311	15.968719422671311	15.968719422671311	15.968719422671311	15.968719422671311	0.0	0.0	0.0	0.0	0.0	0.0	0.0	0.0	0.0	
0.0	0.0	0.0	0.0	0.0	0.0	0.0	0.0	0.0	0.0	0.0	0.0	15.968719422671311	0.0	0.0	0.0	0.0	0.0	0.0	0.0	15.968719422671311	0.0	0.0	0.0	0.0	0.0	0.0	0.0	15.968719422671311	0.0	0.0	0.0	0.0	0.0	0.0	0.0	15.968719422671311	0.0	0.0	0.0	0.0	0.0	0.0	0.0	15.198684153570664	0.0	0.0	0.0	0.0	0.0	0.0	0.0	10.816653826391969	0.0	0.0	0.0	0.0	0.0	0.0	0.0	2.23606797749979	0.0	0.0	0.0	
0.0	0.0	0.0	0.0	0.0	0.0	0.0	0.0	0.0	0.0	0.0	0.0	0.0	0.0	0.0	0.0	0.0	0.0	0.0	15.968719422671311	15.968719422671311	0.0	0.0	0.0	0.0	0.0	15.968719422671311	0.0	0.0	15.968719422671311	0.0	0.0	0.0	0.0	15.968719422671311	0.0	0.0	15.968719422671311	0.0	0.0	0.0	0.0	15.968719422671311	0.0	0.0	15.968719422671311	0.0	0.0	0.0	0.0	15.968719422671311	15.968719422671311	15.968719422671311	14.560219778561036	0.0	0.0	0.0	0.0	0.0	0.0	0.0	0.0	0.0	0.0	
0.0	0.0	0.0	0.0	0.0	0.0	0.0	0.0	0.0	0.0	0.0	0.0	0.0	12.884098726725126	0.0	0.0	0.0	0.0	15.968719422671311	0.0	0.0	13.527749258468683	0.0	0.0	0.0	0.0	15.968719422671311	0.0	0.0	13.856406460551018	0.0	0.0	0.0	0.0	0.0	0.0	0.0	13.564659966250536	0.0	0.0	0.0	0.0	15.968719422671311	15.968719422671311	15.968719422671311	15.968719422671311	13.0	0.0	0.0	0.0	0.0	0.0	15.684387141358123	0.0	0.0	0.0	0.0	0.0	0.0	0.0	15.968719422671311	0.0	0.0	0.0	
0.0	0.0	0.0	0.0	0.0	0.0	0.0	0.0	0.0	0.0	15.968719422671311	15.968719422671311	15.968719422671311	0.0	0.0	0.0	0.0	15.937377450509228	0.0	0.0	0.0	15.968719422671311	0.0	0.0	0.0	15.968719422671311	0.0	0.0	15.968719422671311	15.968719422671311	0.0	0.0	0.0	15.968719422671311	15.968719422671311	15.968719422671311	0.0	15.968719422671311	0.0	0.0	0.0	0.0	0.0	0.0	0.0	15.968719422671311	0.0	0.0	0.0	0.0	0.0	0.0	0.0	15.968719422671311	0.0	0.0	0.0	0.0	0.0	0.0	0.0	12.68857754044952	0.0	0.0	
